Async: 1.2993099689483643
Multiprocess: 1.6727426052093506
Tread: 1.244816780090332
